[gd_scene load_steps=17 format=3 uid="uid://bwd1dktaq5uae"]

[ext_resource type="Texture2D" uid="uid://ky5vmkfg0s7f" path="res://assets/art/ui/boat_wood.png" id="1_wrsni"]
[ext_resource type="Texture2D" uid="uid://dsl8d76keqfod" path="res://assets/art/ui/tablet screen.png" id="2_sk1t3"]
[ext_resource type="Texture2D" uid="uid://c4ldwwkenxliq" path="res://assets/art/ui/ui_quickbar.png" id="3_sk1t3"]

[sub_resource type="StandardMaterial3D" id="StandardMaterial3D_kiyj0"]
albedo_texture = ExtResource("1_wrsni")

[sub_resource type="CylinderMesh" id="CylinderMesh_cb5na"]
top_radius = 0.01
bottom_radius = 0.01
height = 0.52

[sub_resource type="StandardMaterial3D" id="StandardMaterial3D_5x206"]
albedo_texture = ExtResource("2_sk1t3")

[sub_resource type="CylinderMesh" id="CylinderMesh_jgqbb"]
top_radius = 0.002
bottom_radius = 0.004
height = 1.75

[sub_resource type="StandardMaterial3D" id="StandardMaterial3D_wrsni"]
albedo_texture = ExtResource("2_sk1t3")

[sub_resource type="CapsuleMesh" id="CapsuleMesh_wrsni"]
material = SubResource("StandardMaterial3D_wrsni")
radius = 0.02
height = 0.06

[sub_resource type="StandardMaterial3D" id="StandardMaterial3D_sk1t3"]
albedo_texture = ExtResource("2_sk1t3")

[sub_resource type="CylinderMesh" id="CylinderMesh_wrsni"]
material = SubResource("StandardMaterial3D_sk1t3")
top_radius = 0.003
bottom_radius = 0.003
height = 0.06

[sub_resource type="StandardMaterial3D" id="StandardMaterial3D_jgqbb"]
albedo_texture = ExtResource("2_sk1t3")

[sub_resource type="CylinderMesh" id="CylinderMesh_sk1t3"]
top_radius = 0.005
bottom_radius = 0.005
height = 0.12

[sub_resource type="StandardMaterial3D" id="StandardMaterial3D_p2c3x"]
albedo_texture = ExtResource("3_sk1t3")

[sub_resource type="CylinderMesh" id="CylinderMesh_kuqmh"]
top_radius = 0.001
bottom_radius = 0.001
height = 1.75

[sub_resource type="TorusMesh" id="TorusMesh_sk1t3"]
inner_radius = 0.002
outer_radius = 0.004

[node name="FishingRod" type="MeshInstance3D"]
transform = Transform3D(1, 0, 0, 0, 0.7254464, -0.6882785, 0, 0.6882785, 0.7254464, 0, 0, 0)
material_override = SubResource("StandardMaterial3D_kiyj0")
mesh = SubResource("CylinderMesh_cb5na")

[node name="Rod" type="MeshInstance3D" parent="."]
transform = Transform3D(1, 0, 0, 0, 1, 2.9802322e-08, 0, -2.9802322e-08, 1, 0, 0.73, 0)
material_override = SubResource("StandardMaterial3D_5x206")
mesh = SubResource("CylinderMesh_jgqbb")

[node name="Reel" type="MeshInstance3D" parent="."]
transform = Transform3D(1, 0, 0, 0, 1, 2.9802322e-08, 0, -2.9802322e-08, 1, -0.03343407, 0.225, -7.450581e-09)
mesh = SubResource("CapsuleMesh_wrsni")

[node name="Pin" type="MeshInstance3D" parent="."]
transform = Transform3D(-4.371139e-08, -1, 0, 1, -4.371139e-08, 2.9802322e-08, -2.9802322e-08, 0, 1, -0.034473363, 0.22614503, -0.003072314)
mesh = SubResource("CylinderMesh_wrsni")
skeleton = NodePath("../FlyWheel")

[node name="FlyWheel" type="MeshInstance3D" parent="."]
transform = Transform3D(1, 0, 0, 0, 1, -1.4901161e-07, 0, 1.4901161e-07, 1, -0.06310511, 0.22836381, -0.0031338036)
material_override = SubResource("StandardMaterial3D_jgqbb")
mesh = SubResource("CylinderMesh_sk1t3")

[node name="String" type="MeshInstance3D" parent="."]
transform = Transform3D(1, 0, 0, 0, 1, 2.9802322e-08, 0, -2.9802322e-08, 1, 0, 0.725, 0.005)
material_override = SubResource("StandardMaterial3D_p2c3x")
mesh = SubResource("CylinderMesh_kuqmh")

[node name="String2" type="MeshInstance3D" parent="."]
transform = Transform3D(1, 0, 0, 0, 0.70710677, 0.70710677, 0, -0.70710677, 0.70710677, 0, 0.981, 0.623)
material_override = SubResource("StandardMaterial3D_p2c3x")
mesh = SubResource("CylinderMesh_kuqmh")

[node name="Ringh" type="MeshInstance3D" parent="."]
transform = Transform3D(1, 0, 0, 0, 0.70710677, -0.70710677, 0, 0.70710677, 0.70710677, 0, 1.5986564, 0.004852414)
mesh = SubResource("TorusMesh_sk1t3")

[node name="Ringh2" type="MeshInstance3D" parent="."]
transform = Transform3D(1, 0, 0, 0, 0.70710677, -0.70710677, 0, 0.70710677, 0.70710677, 0, 1.479, 0.005)
mesh = SubResource("TorusMesh_sk1t3")

[node name="Ringh3" type="MeshInstance3D" parent="."]
transform = Transform3D(1, 0, 0, 0, 0.70710677, -0.70710677, 0, 0.70710677, 0.70710677, 0, 1.334, 0.005)
mesh = SubResource("TorusMesh_sk1t3")

[node name="Ringh4" type="MeshInstance3D" parent="."]
transform = Transform3D(1, 0, 0, 0, 0.70710677, -0.70710677, 0, 0.70710677, 0.70710677, 0, 1.164, 0.005)
mesh = SubResource("TorusMesh_sk1t3")

[node name="Ringh5" type="MeshInstance3D" parent="."]
transform = Transform3D(1, 0, 0, 0, 0.70710677, -0.70710677, 0, 0.70710677, 0.70710677, 0, 1.054, 0.005)
mesh = SubResource("TorusMesh_sk1t3")

[node name="Ringh6" type="MeshInstance3D" parent="."]
transform = Transform3D(1, 0, 0, 0, 0.70710677, -0.70710677, 0, 0.70710677, 0.70710677, 0, 0.874, 0.005)
mesh = SubResource("TorusMesh_sk1t3")

[node name="Ringh7" type="MeshInstance3D" parent="."]
transform = Transform3D(1, 0, 0, 0, 0.70710677, -0.70710677, 0, 0.70710677, 0.70710677, 0, 0.739, 0.005)
mesh = SubResource("TorusMesh_sk1t3")

[node name="Ringh8" type="MeshInstance3D" parent="."]
transform = Transform3D(1, 0, 0, 0, 0.70710677, -0.70710677, 0, 0.70710677, 0.70710677, 0, 0.599, 0.005)
mesh = SubResource("TorusMesh_sk1t3")

[node name="Ringh9" type="MeshInstance3D" parent="."]
transform = Transform3D(1, 0, 0, 0, 0.70710677, -0.70710677, 0, 0.70710677, 0.70710677, 0, 0.464, 0.005)
mesh = SubResource("TorusMesh_sk1t3")
